0.000000000000000 0.000000000000000 0.100000000000000
0.199666833293656 0.200000000000000 0.397338661590122
0.300000000000000 0.591040413322679 0.400000000000000
0.778836684617301 0.500000000000000 0.958851077208406
0.600000000000000 1.129284946790071 0.700000000000000
1.288435374475382 0.800000000000000 1.434712181799046
0.900000000000000 1.566653819254967 1.000000000000000
1.682941969615793 1.100000000000000 1.782414720122871
1.200000000000000 1.864078171934453 1.300000000000000
1.927116370834386 1.400000000000000 1.970899459976921
1.500000000000000 1.994989973208109 1.600000000000000
1.999147206083010 1.700000000000000 1.983329620904937
1.800000000000000 1.947695261756390 1.900000000000000
1.892600175374829 2.000000000000000 1.818594853651363
2.100000000000000 1.726418733297747 2.200000000000000
1.616992807639180 2.300000000000000 1.491410424353440
2.400000000000000 1.350926361102301 2.500000000000000
1.196944288207913 2.600000000000000 1.031002743642928
2.700000000000000 0.854759760467660 2.800000000000000
0.669976300311809 2.900000000000000 0.478498658427964
3.000000000000000 0.282240016119734 3.100000000000000
0.083161324866581 3.200000000000000 -0.116748286855160
3.300000000000000 -0.315491388286497 3.400000000000000
-0.511082204053663 3.500000000000000 -0.701566455379240
3.600000000000000 -0.885040886589705 3.700000000000000
-1.059672281816987 3.800000000000000 -1.223715781885439
3.900000000000000 -1.375532318367948 4.000000000000000
-1.513604990615856 4.100000000000001 -1.636554222128822
4.200000000000000 -1.743151544827176 4.300000000000000
-1.832331873498910 4.400000000000000 -1.903204147779032
4.500000000000000 -1.955060235330194 4.600000000000001
-1.987382007266929 4.700000000000000 -1.999846515128202
4.800000000000001 -1.992329217671681 4.900000000000000
-1.964905225248665 5.000000000000000 -1.917848549326277
5.100000000000001 -1.851629364655464 5.200000000000000
-1.766909311440306 5.300000000000001 -1.664534884447802
5.400000000000000 -1.545528975111974 5.500000000000000
-1.411080651140784 5.600000000000001 -1.262533275744642
5.700000000000000 -1.101371085195275 5.800000000000001
-0.929204358827513 5.900000000000000 -0.747753329660472
6.000000000000000 -0.558830996397852 6.100000000000001
-0.364325008544190 6.200000000000000 -0.166178805634993
6.300000000000001 0.033627800968701 6.400000000000000
0.233098409700987 6.500000000000000 0.430239976175631
6.600000000000001 0.623082727026757 6.700000000000000
0.809699841233197 6.800000000000001 0.988226702277218
6.900000000000000 1.156879528776400 7.000000000000000
1.313973197437578 7.100000000000001 1.457938080251753
7.200000000000000 1.587335727698306 7.300000000000001
1.700873241257130 7.400000000000000 1.797416191623254
7.500000000000000 1.875999953549478 7.600000000000001
1.935839344062973 7.700000000000000 1.976336467754001
7.800000000000001 1.997086690749210 7.900000000000000
1.997882683679544 8.000000000000000 1.978716493246764
8.100000000000000 1.939779621690173 8.200000000000001
1.881461113359545 8.300000000000001 1.804343667512587
8.400000000000000 1.709197816176561 8.500000000000000
1.596974225246981 8.600000000000000 1.468794195748227
8.700000000000001 1.325938460164364 8.800000000000001
1.169834385783523 8.900000000000000 1.002041712915769
9.000000000000000 0.824236970483513 9.100000000000000
0.638196724698704 9.200000000000001 0.445779828200492
9.300000000000001 0.248908847014123 9.400000000000000
0.049550850906716 9.500000000000000 -0.150302240923619
9.600000000000001 -0.348653562445963 9.700000000000001
-0.543521252821888 9.800000000000001 -0.732958258503857
9.900000000000000 -0.915071787550643 10.000000000000000
-1.088042221778740 10.100000000000001 -1.250141297785767
10.200000000000001 -1.399749375187087 10.300000000000001
-1.535371619527165 10.400000000000000 -1.655652938171307
10.500000000000000 -1.759391519943340 10.600000000000001
-1.845550843225615 10.700000000000001 -1.913270032540377
10.800000000000001 -1.961872460132983 10.900000000000000
-1.990872506612755 11.000000000000000 -1.999980413101407
11.100000000000001 -1.989105176407978 11.200000000000001
-1.958355458302634 11.300000000000001 -1.908038499804178
11.400000000000000 -1.838657051329351 11.500000000000000
-1.750904349376857 11.600000000000001 -1.645657189937415
11.700000000000001 -1.523967167838064 11.800000000000001
-1.387050169554245 11.900000000000000 -1.236274224474067
12.000000000000000 -1.073145836000870 12.100000000000001
-0.899294929069200 12.200000000000001 -0.716458564473654
12.300000000000001 -0.526463582731602 12.400000000000000
-0.331208350896619 12.500000000000000 -0.132643794702401
12.600000000000001 0.067246094442277 12.700000000000001
0.266464082839888 12.800000000000001 0.463019650203078
12.900000000000000 0.654948878275386 13.000000000000000
0.840334073653282 13.100000000000001 1.017322928744750
13.200000000000001 1.184147029414449 13.300000000000001
1.339139524393205 13.400000000000000 1.480751779904897
13.500000000000000 1.607568853103242 13.600000000000001
1.718323629712994 13.700000000000001 1.811909484616925
13.800000000000001 1.887391338888210 13.900000000000000
1.944015002789952 14.000000000000000 1.981214711389741
14.100000000000001 1.998618777495835 14.200000000000001
1.996053305432723 14.300000000000001 1.973543928549227
14.400000000000000 1.931315553098555 14.500000000000000
1.869790111049366 14.600000000000001 1.789582344281007
14.700000000000001 1.691493662285867 14.800000000000001
1.576504134750633 14.900000000000000 1.445762699023952
15.000000000000000 1.300575680314234 15.100000000000001
1.142393739319974 15.200000000000001 0.972797377707596
15.300000000000001 0.793481146261224 15.400000000000000
0.606236713491405 15.500000000000000 0.412934963875593
15.600000000000001 0.215507304598885 15.700000000000001
0.015926367571871 15.800000000000001 -0.183813700455363
15.900000000000000 -0.381717162748379 16.000000000000000
-0.575806633330131 16.100000000000001 -0.764142834368018
16.199999999999999 -0.944843972796932 16.300000000000001
-1.116104542573559 16.400000000000002 -1.276213364695900
16.500000000000000 -1.423570684738246 16.600000000000001
-1.556704157068597 16.699999999999999 -1.674283556039494
16.800000000000001 -1.775134067163009 16.900000000000002
-1.858248025468739 17.000000000000000 -1.922794983759114
17.100000000000001 -1.968130010163287 17.199999999999999
-1.993800132083192 17.300000000000001 -1.999548862146022
17.400000000000002 -1.985318760941265 17.500000000000000
-1.951252010936315 17.600000000000001 -1.897688995836248
17.699999999999999 -1.825164899582369 17.800000000000001
-1.734404358971163 17.900000000000002 -1.626314223322973
18.000000000000000 -1.501974493543352 18.100000000000001
-1.362627531111000 18.199999999999999 -1.209665644812568
18.300000000000001 -1.044617179253463 18.400000000000002
-0.869131244143787 18.500000000000000 -0.684961236939225
18.600000000000001 -0.493947323473242 18.699999999999999
-0.297998051628398 18.800000000000001 -0.099071281756735
18.900000000000002 0.100845375613630 19.000000000000000
0.299754419325905 19.100000000000001 0.495668415965920
19.200000000000003 0.686629857639797 19.300000000000001
0.870730720745786 19.400000000000002 1.046131530315399
19.500000000000000 1.211079739439202 19.600000000000001
1.363927240136271 19.700000000000003 1.503146830704301
19.800000000000001 1.627347475014211 19.900000000000002
1.735288201283338 20.000000000000000 1.825890501455255
20.100000000000001 1.898249107295789 20.200000000000003
1.951641035533953 20.300000000000001 1.985532811671814
20.400000000000002 1.999585800285339 20.500000000000000
1.993659588557599 20.600000000000001 1.967813389237232
20.700000000000003 1.922305449004231 20.800000000000001
1.857590468154481 20.900000000000002 1.774315057384699
21.000000000000000 1.673311277072112 21.100000000000001
1.555588323602186 21.200000000000003 1.422322445811960
21.300000000000001 1.274845192300478 21.400000000000002
1.114630107035317 21.500000000000000 0.943278006188392
21.600000000000001 0.762500983309880 21.700000000000003
0.574105302655450 21.800000000000001 0.379973351590875
21.900000000000002 0.182044832399689 22.000000000000000
-0.017702618580808 22.100000000000001 -0.217273190848160
22.200000000000003 -0.414672841213524 22.300000000000001
-0.607929217622094 22.400000000000002 -0.795111366242872
22.500000000000000 -0.974349024921019 22.600000000000001
-1.143851310219128 22.700000000000003 -1.301924611332499
22.800000000000001 -1.446989512088490 22.900000000000002
-1.577596571950837 23.000000000000000 -1.692440808350341
23.100000000000001 -1.790374735639364 23.200000000000003
-1.870419830389080 23.300000000000001 -1.931776308472141
23.400000000000002 -1.973831116241299 23.500000000000000
-1.996164055958793 23.600000000000001 -1.998551984273255
23.700000000000003 -1.980971041794312 23.800000000000001
-1.943596891487727 23.900000000000002 -1.886802963509109
24.000000000000000 -1.811156724013248 24.100000000000001
-1.717414005219859 24.200000000000003 -1.606511453387905
24.300000000000001 -1.479557170155787 24.400000000000002
-1.337819640756043 24.500000000000000 -1.182715059730249
24.600000000000001 -1.015793180781244 24.700000000000003
-0.838721832146456 24.800000000000001 -0.653270252209444
24.900000000000002 -0.461291411854784 25.000000000000000
-0.264703500195546 25.100000000000001 -0.065470758661691
25.200000000000003 0.134416145050957 25.300000000000001
0.332960007074318 25.400000000000002 0.528177042768946
25.500000000000000 0.718116708044337 25.600000000000001
0.900881188550779 25.700000000000003 1.074644362012950
25.800000000000001 1.237670044240079 25.900000000000002
1.388329336504489 26.000000000000000 1.525116900959206
26.100000000000001 1.646666001476163 26.200000000000003
1.751762159621782 26.300000000000001 1.839355289324040
26.400000000000002 1.908570188985396 26.500000000000000
1.958715286207834 26.600000000000001 1.989289547755676
26.700000000000003 1.999987485714041 26.800000000000001
1.990702209823118 26.900000000000002 1.961526495490304
27.000000000000000 1.912751856809006 27.100000000000001
1.844865633846172 27.200000000000003 1.758546123301445
27.300000000000001 1.654655801190757 27.400000000000002
1.534232705271056 27.500000000000000 1.398480063310195
27.600000000000001 1.248754270832783 27.700000000000003
1.086551338464490 27.800000000000001 0.913491944288386
27.900000000000002 0.731305240565236 28.000000000000000
0.541811576615738 28.100000000000001 0.346904310491784
28.200000000000003 0.148530891168716 28.300000000000001
-0.051326599721119 28.400000000000002 -0.250671252192865
28.500000000000000 -0.447511280373593 28.600000000000001
-0.639879923768396 28.700000000000003 -0.825855098481087
28.800000000000001 -1.003578602041148 28.900000000000002
-1.171274679948601 29.000000000000000 -1.327267768425935
29.100000000000001 -1.469999236097555 29.200000000000003
-1.598042957319232 29.300000000000001 -1.710119561554140
29.400000000000002 -1.805109216420374 29.500000000000000
-1.882062816685907 29.600000000000001 -1.940211467414371
29.700000000000003 -1.978974166509071 29.800000000000001
-1.997963609893899 29.900000000000002 -1.996990061327629
30.000000000000000 -1.976063248185724 30.100000000000001
-1.935392264267610 30.200000000000003 -1.875383480600560
30.300000000000001 -1.796636485114709 30.400000000000002
-1.699938091758652 30.500000000000000 -1.586254478914570
30.600000000000001 -1.456721535663187 30.700000000000003
-1.312633512355575 30.800000000000001 -1.155430088891463
30.900000000000002 -0.986681989913550 31.000000000000000
-0.808075290646130 31.100000000000001 -0.621394570188744
31.200000000000003 -0.428505080591768 31.300000000000001
-0.231334109874474 31.400000000000002 -0.031851725200196
31.500000000000000 0.167948911383494 31.600000000000001
0.366071457961176 31.700000000000003 0.560536339538046
31.800000000000001 0.749400527298924 31.900000000000002
0.930776952709917 32.000000000000000 1.102853362483381
32.100000000000001 1.263910426013770 32.200000000000003
1.412338914360669 32.300000000000004 1.546655779132450
32.399999999999999 1.665518970615560 32.500000000000000
1.767740847091661 32.600000000000001 1.852300041361057
32.700000000000003 1.918351665906161 32.800000000000004
1.965235754728282 32.899999999999999 1.992483857509727
33.000000000000000 1.999823720214534 33.100000000000001
1.987182005360790 33.200000000000003 1.954685024784517
33.300000000000004 1.902657477573561 33.399999999999999
1.831619205781638 33.500000000000000 1.742280000338353
33.600000000000001 1.635532509052884 33.700000000000003
1.512443317572126 33.800000000000004 1.374242292409478
33.899999999999999 1.222310292525192 34.000000000000000
1.058165372240048 34.100000000000001 0.883447613338448
34.200000000000003 0.699902737913324 34.300000000000004
0.509364665688056 34.399999999999999 0.313737190096820
34.500000000000000 0.114974956209849 34.600000000000001
-0.084936069433903 34.700000000000003 -0.283998441948003
34.800000000000004 -0.480223195907563 34.899999999999999
-0.671649718434284 35.000000000000000 -0.856365338992302
35.100000000000001 -1.032524440159854 35.200000000000003
-1.198366898428531 35.300000000000004 -1.352235670775539
35.399999999999999 -1.492593351289833 35.500000000000000
-1.618037532423813 35.600000000000001 -1.727314817385912
35.700000000000003 -1.819333343667056 35.800000000000004
-1.893173692569925 35.899999999999999 -1.948098075736653
36.000000000000000 -1.983557706886232 36.100000000000001
-1.999198285105606 36.200000000000003 -1.994863534907296
36.300000000000004 -1.970596767682405 36.399999999999999
-1.926640448947522 36.500000000000000 -1.863433775709411
36.600000000000001 -1.781608288153723 36.700000000000003
-1.681981559504203 36.800000000000004 -1.565549027101300
36.899999999999999 -1.433474046321315 37.000000000000000
-1.287076266713999 37.100000000000001 -1.127818446500525
37.200000000000003 -0.957291837176830 37.300000000000004
-0.777200284254674 37.399999999999999 -0.589343203000515
37.500000000000000 -0.395597599272925 37.600000000000001
-0.197899315100579 37.700000000000003 0.001776313611435
37.800000000000004 0.201434193985015 37.899999999999999
0.399079410477575 38.000000000000000 0.592737157418771
38.100000000000001 0.780472470615892 38.200000000000003
0.960409560876518 38.300000000000004 1.130750556274057
38.400000000000006 1.289793465889745 38.500000000000000
1.435949185543288 38.600000000000001 1.567757375596586
38.700000000000003 1.683901052184610 38.800000000000004
1.783219746082888 38.900000000000006 1.864721097732383
39.000000000000000 1.927590772568176 39.100000000000001
1.971200597581266 39.200000000000003 1.995114837815610
39.300000000000004 1.999094550087783 39.400000000000006
1.983099970428280 39.500000000000000 1.947290911389956
39.600000000000001 1.892025165253816 39.700000000000003
1.817854929086828 39.800000000000004 1.725521287371350
39.900000000000006 1.615946807333962 40.000000000000000
1.490226320958698 40.100000000000001 1.349615985787734
40.200000000000003 1.195520733810510 40.300000000000004
1.029480233847664 40.400000000000006 0.853153507689133
40.500000000000000 0.668302353696841 40.600000000000001
0.476773743497784 40.700000000000003 0.280481367654143
40.800000000000004 0.081386514699716 40.900000000000006
-0.118521525406787 41.000000000000000 -0.317245337609418
41.100000000000001 -0.512799339266036 41.200000000000003
-0.703229619433633 41.300000000000004 -0.886633461700654
41.400000000000006 -1.061178355500419 41.500000000000000
-1.225120305950940 41.600000000000001 -1.376821259275341
41.700000000000003 -1.514765469693661 41.800000000000004
-1.637574644253695 41.900000000000006 -1.744021714278554
42.000000000000000 -1.833043095831268 42.100000000000001
-1.903749316693929 42.200000000000003 -1.955433903680042
42.300000000000004 -1.987580441481093 42.400000000000006
-1.999867732517608 42.500000000000000 -1.992173006239188
42.600000000000001 -1.964573145807269 42.700000000000003
-1.917343919903985 42.800000000000004 -1.850957227342656
42.900000000000006 -1.766076382010831 43.000000000000000
-1.663549485257197 43.100000000000001 -1.544400951943214
43.200000000000003 -1.409821274828496 43.300000000000004
-1.261155129560645 43.400000000000006 -1.099887939120683
43.500000000000000 -0.927631031967655 43.600000000000001
-0.746105542177244 43.700000000000003 -0.557125212439101
43.800000000000004 -0.362578271739376 43.900000000000006
-0.164408568800873 44.000000000000000 0.035403850210827
44.100000000000001 0.234862525654191 44.200000000000003
0.431974532376448 44.300000000000004 0.624770392362995
44.400000000000006 0.811323753110685 44.500000000000000
0.989770635105256 44.600000000000001 1.158328056088542
44.700000000000003 1.315311846027739 44.800000000000004
1.459153474785717 44.900000000000006 1.588415724355646
45.000000000000000 1.701807049068237 45.100000000000001
1.798194480289164 45.200000000000003 1.876614946667109
45.300000000000004 1.936284896824382 45.400000000000006
1.976608128343276 45.500000000000000 1.997181744823541
45.600000000000001 1.997800181490042 45.700000000000003
1.978457259128034 45.800000000000004 1.939346245823838
45.900000000000006 1.880857925894007 46.000000000000000
1.803576695297618 46.100000000000001 1.708274722545001
46.200000000000003 1.595904233445262 46.300000000000004
1.467587996780738 46.400000000000006 1.324608105972475
46.500000000000000 1.168393168826571 46.600000000000001
1.000504033357174 46.700000000000003 0.822618192309134
46.800000000000004 0.636513022204963 46.900000000000006
0.444048024386151 47.000000000000000 0.247146245490448
47.100000000000001 0.047775063005478 47.200000000000003
-0.152073472116707 47.300000000000004 -0.350402539374308
47.400000000000006 -0.545230500286161 47.500000000000000
-0.734610698268383 47.600000000000001 -0.916650908983532
47.700000000000003 -1.089532246820622 47.800000000000004
-1.251527338598958 47.900000000000006 -1.401017582909949
48.000000000000000 -1.536509322647334 48.100000000000001
-1.656648769135291 48.200000000000003 -1.760235528737324
48.300000000000004 -1.846234596792719 48.400000000000006
-1.913786699040980 48.500000000000000 -1.962216877206194
48.600000000000001 -1.991041232957031 48.700000000000003
-1.999971762858889 48.800000000000004 -1.988919236009029
48.900000000000006 -1.957994085602257 49.000000000000000
-1.907505305518944 49.100000000000001 -1.837957362960304
49.200000000000003 -1.750045157978893 49.300000000000004
-1.644647080266974 49.400000000000006 -1.522816232577072
49.500000000000000 -1.385769908467391 49.600000000000001
-1.234877429506924 49.700000000000003 -1.071646463467030
49.800000000000004 -0.897707960203396 49.900000000000006
-0.714799855744209 50.000000000000000 -0.524749707407858
50.100000000000001 -0.329456433454264 50.200000000000003
-0.130871339721414 50.300000000000004 0.069021377177620
50.400000000000006 0.268224455291328 50.500000000000000
0.464747523310969 50.600000000000001 0.656626987702807
50.700000000000003 0.841945652285542 50.800000000000004
1.018851874220871 50.900000000000006 1.185578065016637
51.000000000000000 1.340458351686749 51.100000000000001
1.481945221603439 51.200000000000003 1.608624984731828
51.300000000000004 1.719231898753500 51.400000000000006
1.812660815945333 51.500000000000000 1.887978225450239
51.600000000000001 1.944431580609078 51.700000000000003
1.981456818158096 51.800000000000004 1.998683994162621
51.900000000000006 1.995940980374562 52.000000000000000
1.973255184080971 52.100000000000001 1.930853274259483
52.200000000000003 1.869158916776829 52.300000000000004
1.788788541259532 52.400000000000006 1.690545181932846
52.500000000000000 1.575410453968236 52.600000000000001
1.444534745509026 52.700000000000003 1.299225723372391
52.800000000000004 1.140935267274745 52.900000000000006
0.971244963129545 53.000000000000000 0.791850300363668
53.100000000000001 0.604543731147454 53.200000000000003
0.411196760805202 53.300000000000004 0.213741248352563
53.400000000000006 0.014150103999848 53.500000000000000
-0.185582423514617 53.600000000000001 -0.383460672798732
53.700000000000003 -0.577507509795487 53.800000000000004
-0.765784082652967 53.900000000000006 -0.946409194091142
54.000000000000000 -1.117578097703233 54.100000000000001
-1.277580530385288 54.200000000000003 -1.424817800719708
54.300000000000004 -1.557818762571483 54.400000000000006
-1.675254514294063 54.500000000000000 -1.775951676675327
54.600000000000001 -1.858904116954832 54.700000000000003
-1.923283001769729 54.800000000000004 -1.968445078583777
54.900000000000006 -1.993939102854049 55.000000000000000
-1.999510346717240 55.100000000000001 -1.985103144146277
55.200000000000003 -1.950861447146862 55.300000000000004
-1.897127387436612 55.400000000000006 -1.824437857978033
55.500000000000000 -1.733519148521518 55.600000000000001
-1.625279688758216 55.700000000000003 -1.500800971590877
55.800000000000004 -1.361326747214245 55.900000000000006
-1.208250595974243 56.000000000000000 -1.043102004173824
56.100000000000001 -0.867531081951368 56.200000000000003
-0.683292075925703 56.300000000000004 -0.492225841343719
56.400000000000006 -0.296241448863259 56.500000000000000
-0.097297109750175 56.600000000000001 0.102619389921399
56.700000000000003 0.301510550570338 56.800000000000004
0.497389117464116 56.900000000000006 0.688297936711174
57.000000000000000 0.872329510495650 57.100000000000001
1.047645056165065 57.200000000000003 1.212492878738691
57.300000000000004 1.365225873264819 57.400000000000006
1.504317982148958 57.500000000000000 1.628379443016869
57.600000000000001 1.736170674760843 57.700000000000003
1.826614663024329 57.800000000000004 1.898807721373407
57.900000000000006 1.952028520632904 58.000000000000000
1.985745296169074 58.100000000000001 1.999621161106051
58.200000000000003 1.993517472388130 58.300000000000004
1.967495216055372 58.400000000000006 1.921814397891237
58.500000000000000 1.856931445530757 58.600000000000001
1.773494647986456 58.700000000000003 1.672337678158862
58.800000000000004 1.554471263052444 58.900000000000006
1.421073084925488 59.000000000000000 1.273476014278276
59.100000000000001 1.113154792251587 59.200000000000003
0.941711295500773 59.300000000000004 0.760858530773683
59.400000000000006 0.572403519113494 59.500000000000000
0.378229240701783 59.600000000000001 0.180275820742931
59.700000000000003 -0.019478855625521 59.800000000000004
-0.219038905707417 59.900000000000006 -0.416410391448119
60.000000000000000 -0.609621242204433 60.100000000000001
-0.796740959022645 60.200000000000003 -0.975899903545848
60.300000000000004 -1.145307978822440 60.400000000000006
-1.303272515363120 60.500000000000000 -1.448215183734899
60.600000000000001 -1.578687764707102 60.700000000000003
-1.693386619379145 60.800000000000004 -1.791165714709546
60.900000000000006 -1.871048074299235 61.000000000000000
-1.932235540016786 61.100000000000001 -1.974116746930644
61.200000000000003 -1.996273231865408 61.300000000000004
-1.998483614547569 61.400000000000006 -1.980725809564023
61.500000000000000 -1.943177247032218 61.600000000000001
-1.886213099777064 61.700000000000003 -1.810402534728091
61.800000000000004 -1.716503025991628 61.900000000000006
-1.605452786419919 62.000000000000000 -1.478361393298446
62.100000000000001 -1.336498701816430 62.200000000000003
-1.181282157093598 62.300000000000004 -1.014262631537052
62.400000000000006 -0.837108929036838 62.500000000000000
-0.651591110829123 62.600000000000001 -0.459562809629376
62.700000000000003 -0.262942708747080 62.800000000000004
-0.063695371236286 62.900000000000006 0.136188389369010
63.000000000000000 0.334711400605614 63.100000000000001
0.529890086168259 63.200000000000003 0.719774285148285
63.300000000000004 0.902466737396856 63.400000000000006
1.076142040321198 63.500000000000000 1.239064887703902
63.600000000000001 1.389607408309078 63.700000000000003
1.526265431033567 63.800000000000004 1.647673514087443
63.900000000000006 1.752618588037008 64.000000000000000
1.840052076393581 64.100000000000009 1.909100372643189
64.200000000000003 1.959073569034019 64.299999999999997
1.989472349906686 64.400000000000006 1.999992980691213
64.500000000000000 1.990530342722455 64.600000000000009
1.961178983551062 64.700000000000003 1.912232172255613
64.799999999999997 1.844178969194904 64.900000000000006
1.757699339478507 65.000000000000000 1.653657358980207
65.100000000000009 1.533092580777407 65.200000000000003
1.397209648280528 65.299999999999997 1.247366258834135
65.400000000000006 1.085059598053915 65.500000000000000
0.911911380442980 65.600000000000009 0.729651645756458
65.700000000000003 0.540101473016331 65.799999999999997
0.345154784891636 65.900000000000006 0.146759424249279
66.000000000000000 -0.053102308047934 66.100000000000009
-0.252433459636448 66.200000000000003 -0.449242379539656
66.299999999999997 -0.641562618086290 66.400000000000006
-0.827472575025439 66.500000000000000 -1.005114699520975
66.600000000000009 -1.172714050185667 66.700000000000003
-1.328596029708608 66.799999999999997 -1.471203116878159
66.900000000000006 -1.599110428818975 67.000000000000000
-1.711039957950645 67.100000000000009 -1.805873341417098
67.200000000000003 -1.882663035398460 67.299999999999997
-1.940641782655782 67.400000000000006 -1.979230278711699
67.500000000000000 -1.998042960069270 67.600000000000009
-1.996891856635021 67.700000000000003 -1.975788469853964
67.799999999999997 -1.934943657790963 67.900000000000006
-1.874765528306643 68.000000000000000 -1.795855361378583
68.100000000000009 -1.699001601310472 68.200000000000003
-1.585171978857342 68.299999999999997 -1.455503841979662
68.400000000000006 -1.311292791838505 68.500000000000000
-1.153979737577085 68.600000000000009 -0.985136499232758
68.700000000000003 -0.806450102630953 68.799999999999997
-0.619705923180621 68.900000000000006 -0.426769846993385
69.000000000000000 -0.229569627566374 69.100000000000009
-0.030075624306322 69.200000000000003 0.169718884650092
69.299999999999997 0.367817618612686 69.400000000000006
0.562241240514470 69.500000000000000 0.751047133793250
69.600000000000009 0.932348812374369 69.700000000000003
1.104334769815761 69.799999999999997 1.265286579281695
69.900000000000006 1.413596063495604 70.000000000000000
1.547781363115778 70.100000000000009 1.666501742984213
70.200000000000003 1.768570988308969 70.299999999999997
1.852969256930387 70.400000000000006 1.918853269246767
70.500000000000000 1.965564733985386 70.600000000000009
1.992636925631344 70.700000000000003 1.999799347794586
70.799999999999997 1.986980435920443 70.900000000000006
1.954308272338986 71.000000000000000 1.902109306508749
71.100000000000009 1.830905093241610 71.200000000000003
1.741407081499570 71.299999999999997 1.634509505831837
71.400000000000006 1.511280451478824 71.500000000000000
1.372951182417551 71.600000000000009 1.220903838978863
71.700000000000003 1.056657627958273 71.799999999999997
0.881853643203698 71.900000000000006 0.698238468348265
72.000000000000000 0.507646725524073 72.100000000000009
0.311982744424114 72.200000000000003 0.113201534869681
72.299999999999997 -0.086710747001717 72.400000000000006
-0.285756643751864 72.500000000000000 -0.481947354576202
72.600000000000009 -0.673322606744257 72.700000000000003
-0.857970241996559 72.799999999999997 -1.034045322198087
72.900000000000006 -1.199788563350175 73.000000000000000
-1.353543913774615 73.100000000000009 -1.493775100834772
73.200000000000003 -1.619080980863767 73.299999999999997
-1.728209538928990 73.400000000000006 -1.820070398551369
73.500000000000000 -1.893745716386695 73.600000000000009
-1.948499353013001 73.700000000000003 -1.983784228192246
73.799999999999997 -1.999247787115278 73.900000000000006
-1.994735523012909 74.000000000000000 -1.970292520936495
74.100000000000009 -1.926163007282994 74.200000000000003
-1.862787909565567 74.299999999999997 -1.780800450811578
74.400000000000006 -1.681019822607433 74.500000000000000
-1.564443000007085 74.600000000000009 -1.432234780086748
74.700000000000003 -1.285716143677678 74.799999999999997
-1.126351056562234 74.900000000000006 -0.955731842011754
75.000000000000000 -0.775563270818861 75.100000000000009
-0.587645527791052 75.200000000000003 -0.393856224899368
75.299999999999997 -0.196131640800048 75.400000000000006
0.003552625821674 75.500000000000000 0.203201395780499
75.600000000000009 0.400819844562164 75.700000000000003
0.594433433950362 75.799999999999997 0.782107640960097
75.900000000000006 0.961967286951799 76.000000000000000
1.132215273796361 76.100000000000009 1.291150539885783
76.200000000000003 1.437185056578269 76.299999999999997
1.568859695255644 76.400000000000006 1.684858806454108
76.500000000000000 1.784023365398741 76.600000000000009
1.865362552596042 76.700000000000003 1.928063653774672
76.800000000000011 1.971500180257902 76.900000000000006
1.995238128631304 77.000000000000000 1.999040317161463
77.100000000000009 1.982868755637416 77.200000000000003
1.946885024956310 77.300000000000011 1.891448662660461
77.400000000000006 1.817113570557118 77.500000000000000
1.724622480314658 77.600000000000009 1.614899532333276
77.700000000000003 1.489041042039650 77.800000000000011
1.348304545865471 77.900000000000006 1.194096236359252
78.000000000000000 1.027956911975070 78.100000000000009
0.851546581923787 78.200000000000003 0.666627879909822
78.300000000000011 0.475048452477651 78.400000000000006
0.278722497938492 78.500000000000000 0.079611640333339
78.600000000000009 -0.120294670465942 78.700000000000003
-0.318999036682031 78.800000000000011 -0.514516069970683
78.900000000000006 -0.704892228764561 79.000000000000000
-0.888225337415017 79.100000000000009 -1.062683592102307
79.200000000000003 -1.226523863613778 79.300000000000011
-1.378109114114928 79.400000000000006 -1.515924753890129
79.500000000000000 -1.638593774622562 79.600000000000009
-1.744890508006070 79.700000000000003 -1.833752872217684
79.800000000000011 -1.904292983888218 79.900000000000006
-1.955806029539302 80.000000000000000 -1.987777307846750
80.100000000000009 -1.999887372366015 80.200000000000003
-1.992015223335470 80.300000000000011 -1.964239516666041
80.400000000000006 -1.916837778037349 80.500000000000000
-1.850283629952837 80.600000000000009 -1.765242059460276
80.700000000000003 -1.662562773821046 80.800000000000011
-1.543271710515965 80.900000000000006 -1.408560786417230
81.000000000000000 -1.259775988548908 81.100000000000009
-1.098403925429559 81.200000000000003 -0.926056973371405
81.300000000000011 -0.744457166149036 81.400000000000006
-0.555418989007353 81.500000000000000 -0.360831248924618
81.600000000000009 -0.162638202277552 81.700000000000003
0.037179871525601 81.800000000000011 0.236626456342529
81.900000000000006 0.433708747825963 82.000000000000000
0.626457564866170 82.100000000000009 0.812947024997601
82.200000000000003 0.991313787179788 82.300000000000011
1.159775669685271 82.400000000000006 1.316649457070101
82.500000000000000 1.460367718306334 82.600000000000009
1.589494468034655 82.700000000000003 1.702739514455372
82.800000000000011 1.798971350498516 82.900000000000006
1.877228459468333 83.000000000000000 1.936728922200371
83.100000000000009 1.976878229739255 83.200000000000003
1.997275223475641 83.300000000000011 1.997716103390472
83.400000000000006 1.978196464357373 83.500000000000000
1.938911340157230 83.600000000000009 1.880253254765105
83.700000000000003 1.802808300380468 83.800000000000011
1.707350281387610 83.900000000000006 1.594832982758109
84.000000000000000 1.466380640146584 84.100000000000009
1.323276706899690 84.200000000000003 1.166951030214598
84.300000000000011 0.998965564578303 84.400000000000006
0.820998765234879 84.500000000000000 0.634828817615339
84.600000000000009 0.442315870296666 84.700000000000003
0.245383449012205 84.800000000000011 0.045999237418170
84.900000000000006 -0.153844583350794 85.000000000000000
-0.352151239897174 85.100000000000009 -0.546939317660253
85.200000000000003 -0.736262558555345 85.300000000000011
-0.918229307341422 85.400000000000006 -1.091021412414772
85.500000000000000 -1.252912392179005 85.600000000000009
-1.402284685478381 85.700000000000003 -1.537645813734125
85.800000000000011 -1.657643293297184 85.900000000000006
-1.761078149017623 86.000000000000000 -1.846916894008120
86.100000000000009 -1.914301855903253 86.200000000000003
-1.962559746438256 86.300000000000011 -1.991208388722853
86.400000000000006 -1.999961534993311 86.500000000000000
-1.988731726705506 86.600000000000009 -1.957631168391763
86.700000000000003 -1.906970606550284 86.800000000000011
-1.837256224768821 86.900000000000006 -1.749184586105641
87.000000000000000 -1.643635673261645 87.100000000000009
-1.521664096084121 87.200000000000003 -1.384488554253818
87.300000000000011 -1.233479660440459 87.400000000000006
-1.070146245594168 87.500000000000000 -0.896120283205218
87.600000000000009 -0.713140583164439 87.700000000000003
-0.523035418149643 87.800000000000011 -0.327704256129190
87.900000000000006 -0.129098781506147 88.000000000000000
0.070796605467321 88.100000000000009 0.269984616161235
88.200000000000003 0.466475029815486 88.300000000000011
0.658304579167993 88.400000000000006 0.843556566771988
88.500000000000000 1.020380016003526 88.600000000000009
1.187008165407970 88.700000000000003 1.341776121596367
88.800000000000011 1.483137494310011 88.900000000000006
1.609679847440564 89.000000000000000 1.720138811624906
89.100000000000009 1.813410717405801 89.200000000000003
1.888563622732251 89.300000000000011 1.944846624616503
89.400000000000006 1.981697361908401 89.500000000000000
1.998747634222167 89.600000000000009 1.995827080872912
89.700000000000003 1.972964883064296 89.800000000000011
1.930389472319578 89.900000000000006 1.868526248069371
90.000000000000000 1.787993327201116 90.100000000000009
1.689595368039468 90.200000000000003 1.574315530466359
90.300000000000011 1.443305652512337 90.400000000000006
1.297874741571849 90.500000000000000 1.139475895233926
90.600000000000009 0.969691782411455 90.700000000000003
0.790218829836640 90.800000000000011 0.602850271925688
90.900000000000006 0.409458233373486 91.000000000000000
0.211975023502314 91.100000000000009 0.012373829265905
91.200000000000003 -0.187351000182256 91.300000000000011
-0.385203880366631 91.400000000000006 -0.579207930709829
91.500000000000000 -0.767424726870061 91.600000000000009
-0.947973668836321 91.700000000000003 -1.119050771261976
91.800000000000011 -1.278946688290210 91.900000000000006
-1.426063792772592 92.000000000000000 -1.558932139231609
92.100000000000009 -1.676224151069894 92.200000000000003
-1.776767885276709 92.300000000000011 -1.859558742095229
92.400000000000006 -1.923769502651117 92.500000000000000
-1.968758594250169 92.600000000000009 -1.994076500760544
92.700000000000003 -1.999470254029372 92.800000000000011
-1.984885961456930 92.900000000000006 -1.950469344473679
93.000000000000000 -1.896564282539895 93.100000000000009
-1.823709377215762 93.200000000000003 -1.732632570632672
93.300000000000011 -1.624243872135988 93.400000000000006
-1.499626265772577 93.500000000000000 -1.360024889472106
93.600000000000009 -1.206834594040465 93.700000000000003
-1.041586006271674 93.800000000000011 -0.865930235430748
93.900000000000006 -0.681622375915903 94.000000000000000
-0.490503970935309 94.100000000000009 -0.294484612416157
94.200000000000003 -0.095522860993441 94.300000000000011
0.104393323280689 94.400000000000006 0.303266443976415
94.500000000000000 0.499109426610488 94.600000000000009
0.689965472837537 94.700000000000003 0.873927612132229
94.800000000000011 1.049157755608582 94.900000000000006
1.213905061596314 95.000000000000000 1.366523429472242
95.100000000000009 1.505487946953493 95.200000000000003
1.629410126516916 95.300000000000011 1.737051778707576
95.400000000000006 1.827337383718353 95.500000000000000
1.899364837628449 95.600000000000009 1.952414465927510
95.700000000000003 1.985956214265434 95.800000000000011
1.999654944580266 95.900000000000006 1.993373783686893
96.000000000000000 1.967175490868690 96.100000000000009
1.921321830807484 96.200000000000003 1.856270958117415
96.300000000000011 1.772672839615425 96.400000000000006
1.671362760067745 96.500000000000000 1.553352976300544
96.600000000000009 1.419822603064356 96.700000000000003
1.272105831709322 96.800000000000011 1.111678599386108
96.900000000000006 0.940143841969939 97.000000000000000
0.759215478055043 97.100000000000009 0.570701284046666
97.200000000000003 0.376484831456885 97.300000000000011
0.178506666880498 97.400000000000006 -0.021255077304872
97.500000000000000 -0.220804447783806 97.600000000000009
-0.418147613208758 97.700000000000003 -0.611312785903725
97.800000000000011 -0.798369923315110 97.900000000000006
-0.977450012358713 98.000000000000000 -1.146763743980846
98.100000000000009 -1.304619391342840 98.200000000000003
-1.449439712996349 98.300000000000011 -1.579777712158687
98.400000000000006 -1.694331094626200 98.500000000000000
-1.791955280867607 98.600000000000009 -1.871674842284258
98.700000000000003 -1.932693247370241 98.800000000000011
-1.974400820391955 98.900000000000006 -1.996380833066447
99.000000000000000 -1.998413668372707 99.100000000000009
-1.980479014892317 99.200000000000003 -1.942756069754450
99.300000000000011 -1.885621748157364 99.400000000000006
-1.809646917356379 99.500000000000000 -1.715590692746910
99.600000000000009 -1.604392853034385 99.700000000000003
-1.477164450276123 99.800000000000011 -1.335176708616330
99.900000000000006 -1.179848322634805 100.000000000000000
-1.012731282219518 100.099999999999994 -0.835495365596747
100.199999999999989 -0.649911455458985 100.299999999999997
-0.457833844890413 100.399999999999991 -0.261181709883473
100.500000000000000 -0.061919933566543 100.599999999999994
0.137960526258547 100.699999999999989 0.336462530108948
100.799999999999997 0.531602711578254 100.899999999999991
0.721431294477936 101.000000000000000 0.904051574356701
101.099999999999994 1.077638869744187 101.199999999999989
1.240458753765240 101.299999999999997 1.390884383959840
101.399999999999991 1.527412757155143 101.500000000000000
1.648679726976500 101.599999999999994 1.753473633946952
101.699999999999989 1.840747411988328 101.799999999999997
1.909629050359325 101.899999999999991 1.959430306498560
102.000000000000000 1.989653582716813 102.099999999999994
1.999996898028588 102.199999999999989 1.990356905446341
102.299999999999997 1.960829924589391 102.399999999999991
1.911710979290146 102.500000000000000 1.843490849813459
102.599999999999994 1.756851169142502 102.699999999999989
1.652657612327260 102.799999999999997 1.531951246945603
102.899999999999991 1.395938131100239 103.000000000000000
1.245977262884698 103.099999999999994 1.083567001723758
103.199999999999989 0.910330097261226 103.299999999999997
0.727997475381956 103.399999999999991 0.538390943372668
103.500000000000000 0.343404987025556 103.599999999999994
0.144987841562710 103.699999999999989 -0.054877974486423
103.799999999999997 -0.254195467954762 103.899999999999991
-0.450973124333119 104.000000000000000 -0.643244806325062
104.099999999999994 -0.829089398840642 104.199999999999989
-1.006650004143524 104.299999999999997 -1.174152495359280
104.399999999999991 -1.329923242964595 104.500000000000000
-1.472405837140405 104.599999999999994 -1.600176638904148
104.699999999999989 -1.711959004640034 104.799999999999997
-1.806636041899981 104.899999999999991 -1.883261769023726
105.000000000000000 -1.941070567074969 105.099999999999994
-1.979484829652615 105.199999999999989 -1.998120734143063
105.299999999999997 -1.996792076748855 105.399999999999991
-1.975512132975478 105.500000000000000 -1.934493524986895
105.599999999999994 -1.874146097155192 105.699999999999989
-1.795072821031049 105.799999999999997 -1.698063770651336
105.899999999999991 -1.584088228380543 106.000000000000000
-1.454285000161705 106.099999999999994 -1.309951036943978
106.199999999999989 -1.152528475977350 106.299999999999997
-0.983590231453995 106.399999999999991 -0.804824278469680
106.500000000000000 -0.618016787334405 106.599999999999994
-0.425034276749301 106.699999999999989 -0.227804964168570
106.799999999999997 -0.028299499688149 106.899999999999991
0.171488724038558 107.000000000000000 0.369563489121335
107.099999999999994 0.563945697982231 107.199999999999989
0.752693147844553 107.299999999999997 0.933919936580913
107.399999999999991 1.105815306023818 107.500000000000000
1.266661734462897 107.599999999999994 1.414852097553903
107.699999999999989 1.548905726174074 107.799999999999997
1.667483200778493 107.899999999999991 1.769399734437379
108.000000000000000 1.853637010835570 108.099999999999994
1.919353358952412 108.199999999999989 1.965892162760471
108.299999999999997 1.992788421915784 108.399999999999991
1.999773397887583 108.500000000000000 1.986777299104887
108.599999999999994 1.953929978290797 108.699999999999989
1.901559635017006 108.799999999999997 1.830189536442160
108.899999999999991 1.740532788999422 109.000000000000000
1.633485213272634 109.099999999999994 1.510116393253264
109.199999999999989 1.371658989410621 109.299999999999997
1.219496422355945 109.399999999999991 1.055149050161034
109.500000000000000 0.880258977442793 109.599999999999994
0.696573647996900 109.699999999999989 0.505928384916858
109.799999999999997 0.310228052652389 109.899999999999991
0.111428024233605 110.000000000000000 -0.088485356170142
110.099999999999994 -0.287514620144378 110.199999999999989
-0.483671133073830 110.299999999999997 -0.674994963922055
110.399999999999991 -0.859574468214415 110.500000000000000
-1.035565388557943 110.599999999999994 -1.201209281851382
110.699999999999989 -1.354851089067561 110.799999999999997
-1.494955672056023 110.899999999999991 -1.620123152135927
111.000000000000000 -1.729102897221217 111.099999999999994
-1.820806017722883 111.199999999999989 -1.894316246373913
111.299999999999997 -1.948899093268882 111.399999999999991
-1.984009184644291 111.500000000000000 -1.999295712072979
111.599999999999994 -1.994605937625928 111.699999999999989
-1.969986719979185 111.799999999999997 -1.925684046217437
111.899999999999991 -1.862140574012405 112.000000000000000
-1.779991208733667 112.099999999999994 -1.680056759684139
112.199999999999989 -1.563335738844779 112.299999999999997
-1.430994384072952 112.399999999999991 -1.284355006439341
112.500000000000000 -1.124882778132686 112.599999999999994
-0.954171092943762 112.699999999999989 -0.773925645601173
112.799999999999997 -0.585947389033518 112.899999999999991
-0.392114539843121 113.000000000000000 -0.194363811786418
113.099999999999994 0.005328935229492 113.199999999999989
0.204968437286102 113.299999999999997 0.402559962470934
113.399999999999991 0.596129241579360 113.500000000000000
0.783742194360080 113.599999999999994 0.963524254205454
113.699999999999989 1.133679098201580 113.799999999999997
1.292506595392986 113.899999999999991 1.438419793929080
114.000000000000000 1.569960777362621 114.099999999999994
1.685815231668773 114.199999999999989 1.784825577436518
114.299999999999997 1.866002536019426 114.399999999999991
1.928535014080848 114.500000000000000 1.971798207770500
114.599999999999994 1.995359845557934 114.699999999999989
1.998984507346827 114.799999999999997 1.982635976714735
114.899999999999991 1.946477602775633 115.000000000000000
1.890870668049541 115.099999999999994 1.816370778647048
115.199999999999989 1.723722312836668 115.299999999999997
1.613850983463252 115.399999999999991 1.487854588531295
115.500000000000000 1.346992042370053 115.599999999999994
1.192670796977840 115.699999999999989 1.026432779226776
115.799999999999997 0.849938984439220 115.899999999999991
0.664952880271647 116.000000000000000 0.473322786728572
116.099999999999994 0.276963408360244 116.199999999999989
0.077836703167511 116.299999999999997 -0.122067720633907
116.399999999999991 -0.320752484120946 116.500000000000000
-0.516232394813351 116.599999999999994 -0.706554282060496
116.699999999999989 -0.889816512477087 116.799999999999997
-1.064187990435264 116.899999999999991 -1.227926453766769
117.000000000000000 -1.379395881870778 117.099999999999994
-1.517082842290770 117.199999999999989 -1.639611612431508
117.299999999999997 -1.745757925324387 117.399999999999991
-1.834461202098257 117.500000000000000 -1.904835148933024
117.599999999999994 -1.956176612614428 117.699999999999989
-1.987972606208608 117.799999999999997 -1.999905434657930
117.899999999999991 -1.991855869084993 118.000000000000000
-1.963904338088167 118.099999999999994 -1.916330124125632
118.199999999999989 -1.849608573017356 118.299999999999997
-1.764406344446785 118.399999999999991 -1.661574750917709
118.500000000000000 -1.542141251721037 118.599999999999994
-1.407299186901309 118.699999999999989 -1.258395853797326
118.799999999999997 -1.096919045292543 118.899999999999991
-0.924482184280450 119.000000000000000 -0.742808202876180
119.099999999999994 -0.553712327448545 119.199999999999989
-0.359083941478005 119.299999999999997 -0.160867707461559
119.399999999999991 0.038955863512020 119.500000000000000
0.238390200374513 119.599999999999994 0.435442621156158
119.699999999999989 0.628144243205405 119.799999999999997
0.814569655613451 119.899999999999991 0.992856157283511
120.000000000000000 1.161222368424629 120.099999999999994
1.317986029509505 120.199999999999989 1.461580809855783
120.299999999999997 1.590571957884381 120.399999999999991
1.703670636682968 120.500000000000000 1.799746801638471
120.599999999999994 1.877840491469186 120.699999999999989
1.937171419840682 120.799999999999997 1.977146771728872
120.899999999999991 1.997367126631772 121.000000000000000
1.997630449447159 121.099999999999994 1.977934109140505
121.199999999999989 1.938474905033410 121.299999999999997
1.879647100449825 121.399999999999991 1.802038483367278
121.500000000000000 1.706424493433638 121.599999999999994
1.593760474030566 121.699999999999989 1.465172126798152
121.799999999999997 1.321944263996265 121.899999999999991
1.165507971085223 122.000000000000000 0.997426307792788
122.099999999999994 0.819378690538214 122.199999999999989
0.633144112258367 122.299999999999997 0.440583367298425
122.399999999999991 0.243620458969964 122.500000000000000
0.044223375545663 122.599999999999994 -0.155615573228758
122.699999999999989 -0.353899662635146 122.799999999999997
-0.548647703596186 122.899999999999991 -0.737913838061685
123.000000000000000 -0.919806981379182 123.099999999999994
-1.092509717386478 123.199999999999989 -1.254296457433346
123.299999999999997 -1.403550681892848 123.399999999999991
-1.538781091891026 123.500000000000000 -1.658636509872449
123.599999999999994 -1.761919380119547 123.700000000000003
-1.847597734333615 123.799999999999997 -1.914815502720823
123.899999999999991 -1.962901067558699 124.000000000000000
-1.991373973778359 124.099999999999994 -1.999949729512740
124.200000000000003 -1.988542648645316 124.299999999999997
-1.957266706957436 124.399999999999991 -1.906434403319994
124.500000000000000 -1.836553637307999 124.599999999999994
-1.748322634435951 124.700000000000003 -1.642622969719232
124.799999999999997 -1.520510759268057 124.899999999999991
-1.383206107924311 125.000000000000000 -1.232080918377313
125.099999999999994 -1.068645183565714 125.200000000000003
-0.894531899327036 125.299999999999997 -0.711480748043239
125.399999999999991 -0.521320716309262 125.500000000000000
-0.325951820303612 125.599999999999994 -0.127326121454864
125.700000000000003 0.072571777911070 125.799999999999997
0.271744564061129 125.899999999999991 0.468202168353899
126.000000000000000 0.659981651347564 126.099999999999994
0.845166815841866 126.200000000000003 1.021907352887308
126.299999999999997 1.188437329460334 126.399999999999991
1.343092833082546 126.500000000000000 1.484328597084080
126.599999999999994 1.610733440397332 126.700000000000003
1.721044367611835 126.799999999999997 1.814159188406778
126.899999999999991 1.889147530272459 127.000000000000000
1.945260134484816 127.099999999999994 1.981936342450902
127.200000000000003 1.998809697624274 127.299999999999997
1.995711607017624 127.399999999999991 1.972673025728205
127.500000000000000 1.929924147644711 127.599999999999994
1.867892105426064 127.700000000000003 1.787196702733028
127.799999999999997 1.688644221354981 127.899999999999991
1.573219365108723 128.000000000000000 1.442075421003463
128.099999999999994 1.296522735978312 128.199999999999989
1.138015624348704 128.300000000000011 0.968137836778507
128.399999999999977 0.788586735967139 128.500000000000000
0.601156337162003 128.599999999999994 0.407719382951862
128.699999999999989 0.210208631441375 128.800000000000011
0.010597544771205 128.899999999999977 -0.189119429063123
129.000000000000000 -0.386946784076937 129.099999999999994
-0.580907894731799 129.199999999999989 -0.769064765725122
129.300000000000011 -0.949537395798382 129.399999999999977
-1.120522562088059 129.500000000000000 -1.280311837332961
129.599999999999994 -1.427308659914012 129.699999999999989
-1.560044286170719 129.800000000000011 -1.677192465602120
129.899999999999977 -1.777582692323284 130.000000000000000
-1.860211900373524 130.099999999999994 -1.924254486019508
130.199999999999989 -1.969070556915152 130.300000000000011
-1.994212325694296 130.399999999999977 -1.999428584114048
130.500000000000000 -1.984667213044550 130.599999999999994
-1.950075703226072 130.699999999999989 -1.895999681590286
130.800000000000011 -1.822979457870197 130.899999999999977
-1.731744626004009 131.000000000000000 -1.623206774273401
131.099999999999994 -1.498450377015105 131.199999999999989
-1.358721958911516 131.300000000000011 -1.205417640128205
131.399999999999977 -1.040069186742920 131.500000000000000
-0.864328705844768 131.599999999999994 -0.679952138226949
131.699999999999989 -0.488781713606262 131.800000000000011
-0.292727543672918 131.899999999999977 -0.093748536886167
132.000000000000000 0.106167174292116 132.099999999999994
0.305022098159019 132.199999999999989 0.500829342048017
132.300000000000011 0.691632464703495 132.399999999999977
0.875525024394847 132.500000000000000 1.050669627452643
132.599999999999994 1.215316286898086 132.699999999999989
1.367819907734998 132.800000000000011 1.506656724195009
132.899999999999977 1.630439524701288 133.000000000000000
1.737931512428471 133.099999999999994 1.828058662967217
133.199999999999989 1.899920455621449 133.300000000000011
1.952798871113331 133.399999999999977 1.986165565794510
133.500000000000000 1.999687150681333 133.599999999999994
1.993228522567233 133.699999999999989 1.966854213929393
133.800000000000011 1.920827748141520 133.899999999999977
1.855609006435487 134.000000000000000 1.771849632919897
134.099999999999994 1.670386523567813 134.199999999999989
1.552233464228615 134.300000000000011 1.418571001214971
134.399999999999977 1.270734645674498 134.500000000000000
1.110201529603386 134.599999999999994 0.938575646832356
134.699999999999989 0.757571826450039 134.800000000000011
0.568998598797730 134.899999999999977 0.374740125232274
135.000000000000000 0.176737372208003 135.099999999999994
-0.023031282217707 135.199999999999989 -0.222569815684627
135.300000000000011 -0.419884505125082 135.399999999999977
-0.613003847385581 135.500000000000000 -0.799998257835243
135.599999999999994 -0.978999350136827 135.699999999999989
-1.148218604546005 135.800000000000011 -1.305965238209212
135.899999999999977 -1.450663098906861 136.000000000000000
-1.580866413445777 136.099999999999994 -1.695274233346467
136.199999999999989 -1.792743433490716 136.300000000000011
-1.872300133849740 136.400000000000006 -1.933149430171453
136.500000000000000 -1.974683336401138 136.599999999999994
-1.996486859477032 136.699999999999989 -1.998342145803847
136.800000000000011 -1.980230657973873 136.900000000000006
-1.942333359986657 137.000000000000000 -1.885028909116502
137.099999999999994 -1.808889872494170 137.199999999999989
-1.714677006205373 137.300000000000011 -1.603331654067400
137.400000000000006 -1.475966342032998 137.500000000000000
-1.333853662198610 137.599999999999994 -1.178413557484935
137.699999999999989 -1.011199134036604 137.800000000000011
-0.833881143098923 137.900000000000006 -0.648231287423905
138.000000000000000 -0.456104519001722 138.099999999999994
-0.259420504993784 138.199999999999989 -0.060144447052967
138.300000000000011 0.139732554321750 138.400000000000006
0.338213394203069 138.500000000000000 0.533314917647995
138.599999999999994 0.723087734726256 138.699999999999989
0.905635698180160 138.800000000000011 1.079134849101257
138.900000000000006 1.241851641324640 139.000000000000000
1.392160262449483 139.099999999999994 1.528558878418932
139.199999999999989 1.649684639349609 139.300000000000011
1.754327296677174 139.400000000000006 1.841441295559815
139.500000000000000 1.910156221716787 139.599999999999994
1.959785498320067 139.699999999999989 1.989833246043091
139.800000000000011 1.999999237723075 139.900000000000006
1.990181898131578 140.000000000000000 1.960479318880623
140.099999999999994 1.911188278323718 140.199999999999989
1.842801276244655 140.300000000000011 1.756001612962444
140.400000000000006 1.651656562020496 140.500000000000000
1.530808704675913 140.599999999999994 1.394665512772291
140.699999999999989 1.244587284080175 140.800000000000011
1.082073550651341 140.900000000000006 0.908748095990406
141.000000000000000 0.726342730746518 141.099999999999994
0.536679989033997 141.199999999999989 0.341654918273867
141.300000000000011 0.143216144506388 141.400000000000006
-0.056653597635978 141.500000000000000 -0.255957275757956
141.599999999999994 -0.452703513388787 141.699999999999989
-0.644926487157723 141.800000000000011 -0.830705568651385
141.900000000000006 -1.008184514697782 142.000000000000000
-1.175590014334813 142.099999999999994 -1.331249407147005
142.199999999999989 -1.473607395935533 142.300000000000011
-1.601241586733751 142.400000000000006 -1.712876700897386
142.500000000000000 -1.807397317267414 142.599999999999994
-1.883859017089430 142.699999999999989 -1.941497820333689
142.800000000000011 -1.979737819131037 142.900000000000006
-1.998196932053932 143.000000000000000 -1.996690721747836
143.099999999999994 -1.975234237768238 143.199999999999989
-1.934041866210493 143.300000000000011 -1.873525187634798
143.400000000000006 -1.794288864689360 143.500000000000000
-1.697124600520992 143.599999999999994 -1.583003228339026
143.699999999999989 -1.453065011170795 143.800000000000011
-1.308608248730337 143.900000000000006 -1.151076305236982
144.000000000000000 -0.982043187796939 144.099999999999994
-0.803197819444748 144.199999999999989 -0.616327163982566
144.300000000000011 -0.423298371228489 144.400000000000006
-0.226040121072990 144.500000000000000 -0.026523352746660
144.599999999999994 0.173258428152860 144.699999999999989
0.371309068109899 144.800000000000011 0.565649710596898
144.900000000000006 0.754338568154492 145.000000000000000
0.935490324090267 145.099999999999994 1.107294969939720
145.199999999999989 1.268035890472590 145.300000000000011
1.416107015544836 145.400000000000006 1.550028867420460
145.500000000000000 1.668463343224243 145.599999999999994
1.770227084823185 145.699999999999989 1.854303302549852
145.800000000000011 1.919851934628637 145.900000000000006
1.966218040795268 146.000000000000000 1.992938346243547
146.099999999999994 1.999745870513994 146.199999999999989
1.986572595074366 146.300000000000011 1.953550142938339
146.400000000000006 1.901008463531902 146.500000000000000
1.829472535947708 146.599999999999994 1.739657123527544
146.699999999999989 1.632459632183285 146.800000000000011
1.508951143813625 146.900000000000006 1.370365714407946
147.000000000000000 1.218088043766585 147.099999999999994
1.053639640038283 147.199999999999989 0.878663617313679
147.300000000000011 0.694908278172400 147.400000000000006
0.504209645221811 147.500000000000000 0.308473116165716
147.599999999999994 0.109654425700549 147.699999999999989
-0.090259895539284 147.800000000000011 -0.289272369738900
147.900000000000006 -0.485394530040760 148.000000000000000
-0.676666788648553 148.099999999999994 -0.861178016380472
148.199999999999989 -1.037084638040324 148.300000000000011
-1.202629052811526 148.400000000000006 -1.356157195623299
148.500000000000000 -1.496135064022373 148.599999999999994
-1.621164045418237 148.699999999999989 -1.729994891557870
148.800000000000011 -1.821540200601362 148.900000000000006
-1.894885282081556 149.000000000000000 -1.949297296188989
149.099999999999994 -1.984232576064922 149.199999999999989
-1.999342059940903 149.300000000000011 -1.994474778848568
149.400000000000006 -1.969679365051688 149.500000000000000
-1.925203566128647 149.599999999999994 -1.861491769560540
149.699999999999989 -1.779180562558355 149.800000000000011
-1.679092371493960 149.900000000000006 -1.562227244487770
150.000000000000000 -1.429752859258329 150.099999999999994
-1.282992856072641 150.199999999999989 -1.123413612370129
150.300000000000011 -0.952609591203933 150.400000000000006
-0.772287409893342 150.500000000000000 -0.584248788067373
150.599999999999994 -0.390372545478009 150.699999999999989
-0.192595829454236 150.800000000000011 0.007105240433783
150.900000000000006 0.206735317108012 151.000000000000000
0.404299762831307 151.099999999999994 0.597824578968126
151.199999999999989 0.785376129526429 151.300000000000011
0.965080461409386 151.400000000000006 1.135142028335076
151.500000000000000 1.293861631341711 151.599999999999994
1.439653396621772 151.699999999999989 1.571060621048933
151.800000000000011 1.686770327074201 151.900000000000006
1.785626381563449 152.000000000000000 1.866641047497724
152.099999999999994 1.929004853114898 152.199999999999989
1.972094679883977 152.300000000000011 1.995479988499492
152.400000000000006 1.998927120687900 152.500000000000000
1.982401633843852 152.599999999999994 1.946068645169295
152.699999999999989 1.890291181876977 152.800000000000011
1.815626553942511 152.900000000000006 1.722820785647417
153.000000000000000 1.612801161550973 153.099999999999994
1.486666961369496 153.199999999999989 1.345678476336779
153.300000000000011 1.191244416790623 153.400000000000006
1.024907836804990 153.500000000000000 0.848330716503491
153.599999999999994 0.663277356103541 153.699999999999989
0.471596747611750 153.800000000000011 0.275204100306925
153.900000000000006 0.076061704602270 154.000000000000000
-0.123840674512115 154.099999999999994 -0.322505678543059
154.199999999999989 -0.517948312440204 154.300000000000011
-0.708215778010450 154.400000000000006 -0.891406985631773
154.500000000000000 -1.065691549312638 154.599999999999994
-1.229328075303562 154.699999999999989 -1.380681561527890
154.800000000000011 -1.518239733982114 154.900000000000006
-1.640628156877682 155.000000000000000 -1.746623965549295
155.099999999999994 -1.835168084914264 155.199999999999989
-1.905375811400687 155.300000000000011 -1.956545652613113
155.400000000000006 -1.988166336412620 155.500000000000000
-1.999921919379108 155.599999999999994 -1.991694943613455
155.699999999999989 -1.963567610338035 155.800000000000011
-1.915820958569260 155.900000000000006 -1.848932057068685
156.000000000000000 -1.763569237629562 156.099999999999994
-1.660585417326531 156.199999999999989 -1.541009576450133
156.300000000000011 -1.406036477275848 156.400000000000006
-1.257014726394527 156.500000000000000 -1.095433299880898
156.599999999999994 -0.922906665936966 156.699999999999989
-0.741158653659377 156.800000000000011 -0.552005229108848
156.900000000000006 -0.357336350777785 157.000000000000000
-0.159097085749444 157.099999999999994 0.040731824769200
157.199999999999989 0.240153756358902 157.300000000000011
0.437176150999399 157.400000000000006 0.629830426050276
157.500000000000000 0.816191643678319 157.599999999999994
0.994397744199815 157.699999999999989 1.162668151165460
157.800000000000011 1.319321562291698 157.900000000000006
1.462792748477198 158.000000000000000 1.591648193054910
158.099999999999994 1.704600415016563 158.199999999999989
1.800520833097354 158.300000000000011 1.878451042186915
158.400000000000006 1.937612389396281 158.500000000000000
1.977413754100303 158.599999999999994 1.997457454219440
158.699999999999989 1.997543219727667 158.800000000000011
1.977670193684369 158.900000000000006 1.938036940796632
159.000000000000000 1.879039463426297 159.099999999999994
1.801267244865273 159.199999999999989 1.705497359413346
159.300000000000011 1.592686708108602 159.400000000000006
1.463962457688697 159.500000000000000 1.320610778313218
159.599999999999994 1.164063992576720 159.699999999999989
0.995886264214793 159.800000000000011 0.817757969497013
159.900000000000006 0.631458907462914 160.000000000000000
0.438850516758009 160.099999999999994 0.241857276754354
160.199999999999989 0.042447478788755 160.300000000000011
-0.157386440353686 160.400000000000006 -0.355647806209098
160.500000000000000 -0.550355656746402 160.599999999999994
-0.739564535484890 160.699999999999989 -0.921383929852347
160.800000000000011 -1.093997160561802 160.900000000000006
-1.255679533270255 161.000000000000000 -1.404815571154742
161.099999999999994 -1.539915156222541 161.199999999999989
-1.659628418077640 161.300000000000011 -1.762759221379552
161.400000000000006 -1.848277117232138 161.500000000000000
-1.915327639088529 161.599999999999994 -1.963240840298291
161.699999999999989 -1.991537987992936 161.800000000000011
-1.999936346426490 161.900000000000006 -1.988352001977610
162.000000000000000 -1.956900701586759 162.099999999999994
-1.905896696251024 162.199999999999989 -1.835849601132038
162.300000000000011 -1.747459303649711 162.400000000000006
-1.641608970438587 162.500000000000000 -1.519356223038622
162.599999999999994 -1.381922570490452 162.699999999999989
-1.230681204420810 162.800000000000011 -1.067143278565669
162.900000000000006 -0.892942809821815 163.000000000000000
-0.709820351689871 163.099999999999994 -0.519605603239255
163.199999999999989 -0.324199127359850 163.300000000000011
-0.125553360965793 163.400000000000006 0.074346893108555
163.500000000000000 0.273504297602779 163.599999999999994
0.469928937563856 163.699999999999989 0.661658202918649
163.800000000000011 0.846776398225055 163.900000000000006
1.023433883667406 164.000000000000000 1.189865556046417
164.099999999999994 1.344408485106674 164.199999999999989
1.485518528986107 164.300000000000011 1.611785762771085
164.400000000000006 1.721948565999956 164.500000000000000
1.814906228357877 164.599999999999994 1.889729947610284
164.699999999999989 1.945672109887842 164.800000000000011
1.982173759597100 164.900000000000006 1.998870184319984
165.000000000000000 1.995594558899781 165.099999999999994
1.972379612302912 165.199999999999989 1.929457300601931
165.300000000000011 1.867256489347104 165.400000000000006
1.786398668483671 165.500000000000000 1.687691742629640
165.599999999999994 1.572121958759975 165.699999999999989
1.440844051952810 165.800000000000011 1.295169707658210
165.900000000000006 1.136554455770916 166.000000000000000
0.966583127456513 166.099999999999994 0.786954020042468
166.199999999999989 0.599461928192573 166.300000000000011
0.405980210911891 166.400000000000006 0.208442073563047
166.500000000000000 0.008821251916950 166.599999999999994
-0.190887708762382 166.699999999999989 -0.388689382554848
166.800000000000011 -0.582607400520509 166.900000000000006
-0.770704197924515 167.000000000000000 -0.951100373743798
167.099999999999994 -1.121993469020617 167.199999999999989
-1.281675976436714 167.300000000000011 -1.428552401162048
167.400000000000006 -1.561155202511569 167.500000000000000
-1.678159457126896 167.599999999999994 -1.778396097172377
167.699999999999989 -1.860863591274506 167.800000000000011
-1.924737951492358 167.900000000000006 -1.969380966332658
168.000000000000000 -1.994346577548160 168.099999999999994
-1.999385337004133 168.199999999999989 -1.984446899081685
168.300000000000011 -1.949680523714535 168.400000000000006
-1.895433585033134 168.500000000000000 -1.822248100517126
168.599999999999994 -1.730855315335889 168.699999999999989
-1.622168395988517 168.800000000000011 -1.497273306245972
168.900000000000006 -1.357417956560205 169.000000000000000
-1.203999735355209 169.099999999999994 -1.038551546783944
169.199999999999989 -0.862726494456714 169.300000000000011
-0.678281364176283 169.400000000000006 -0.487059070715065
169.500000000000000 -0.290970244019585 169.599999999999994
-0.091974138827837 169.699999999999989 0.107940941556471
169.800000000000011 0.306777511733334 169.900000000000006
0.502548862420064 170.000000000000000 0.693298910994061
170.099999999999994 0.877121746023556 170.199999999999989
1.052180670504687 170.300000000000011 1.216726553530869
170.400000000000006 1.369115307030448 170.500000000000000
1.507824312951531 170.599999999999994 1.631467636758056
170.699999999999989 1.738809875229596 170.800000000000011
1.828778500201993 170.900000000000006 1.900474574914147
171.000000000000000 1.953181735887132 171.099999999999994
1.986373350591177 171.199999999999989 1.999717779383849
171.300000000000011 1.993081689143729 171.400000000000006
1.966531385490899 171.500000000000000 1.920332150283097
171.599999999999994 1.854945591007081 171.699999999999989
1.771025028549215 171.800000000000011 1.669408969429097
171.900000000000006 1.551112727719709 172.000000000000000
1.417318280364645 172.099999999999994 1.269362457255315
172.199999999999989 1.108723584068533 172.300000000000011
0.937006711324978 172.400000000000006 0.755927577255153
172.500000000000000 0.567295464709829 172.599999999999994
0.372995123404075 172.699999999999989 0.174967938121062
172.800000000000011 -0.024807468963002 172.900000000000006
-0.224335008017390 173.000000000000000 -0.421621065826963
173.099999999999994 -0.614694425316188 173.199999999999989
-0.801625961298616 173.300000000000011 -0.980547915658112
173.400000000000006 -1.149672559370349 173.500000000000000
-1.307310054900580 173.599999999999994 -1.451885340501496
173.699999999999989 -1.581953867709607 173.800000000000011
-1.696216034796021 173.900000000000006 -1.793530171957195
174.000000000000000 -1.872923948502426 174.099999999999994
-1.933604088060569 174.199999999999989 -1.974964294735346
174.300000000000011 -1.996591311013531 174.400000000000006
-1.998269046897403 174.500000000000000 -1.979980739004604
174.599999999999994 -1.941909118062289 174.699999999999989
-1.884434583122108 174.800000000000011 -1.808131400738604
174.900000000000006 -1.713761967087718 175.000000000000000
-1.602269190356082 175.099999999999994 -1.474767069514186
175.199999999999989 -1.332529563606887 175.300000000000011
-1.176977862775693 175.400000000000006 -1.009666188196845
175.500000000000000 -0.832266262816802 175.599999999999994
-0.646550608049345 175.699999999999989 -0.454374833327476
175.800000000000011 -0.257659095467293 175.900000000000006
-0.058368913096030 176.000000000000000 0.141504472160690
176.099999999999994 0.339963991506741 176.199999999999989
0.535026703026812 176.300000000000011 0.724743604586607
176.400000000000006 0.907219107617703 176.500000000000000
1.080629977212249 176.599999999999994 1.243243549283271
176.699999999999989 1.393435042771535 176.800000000000011
1.529703793920849 176.900000000000006 1.650688250414113
177.000000000000000 1.755179575554231 177.099999999999994
1.842133726560644 177.199999999999989 1.910681886299717
177.300000000000011 1.960139144218355 177.400000000000006
1.990011339743806 177.500000000000000 1.999999999772829
177.599999999999994 1.990005320916228 177.699999999999989
1.960127166701336 177.800000000000011 1.910664069768646
177.900000000000006 1.842110249032411 178.000000000000000
1.755150671608538 178.099999999999994 1.650654208849629
178.199999999999989 1.529664954869635 178.300000000000011
1.393391794300552 178.400000000000006 1.243196323516946
178.500000000000000 1.080579246014828 178.599999999999994
0.907165377878540 178.699999999999989 0.724687413155496
178.800000000000011 0.534968611349958 178.900000000000006
0.339904580016977 179.000000000000000 0.141444334477982
179.099999999999994 -0.058429176095835 179.199999999999989
-0.257718881656221 179.300000000000011 -0.454433545341689
179.400000000000006 -0.646607659257806 179.500000000000000
-0.832321083182695 179.599999999999994 -1.009718229973193
179.699999999999989 -1.177026605978272 179.800000000000011
-1.332574521209728 179.900000000000006 -1.474807792315783
180.000000000000000 -1.602305271467661 180.099999999999994
-1.713793045998740 180.199999999999989 -1.808157166918864
180.300000000000011 -1.884454779124449 180.400000000000006
-1.941923542094932 180.500000000000000 -1.979989246947383
180.599999999999994 -1.998271553741766 180.699999999999989
-1.996587791711918 180.800000000000011 -1.974954784451454
180.900000000000006 -1.933588681818013 181.000000000000000
-1.872902800235288 181.099999999999994 -1.793503492971969
181.199999999999989 -1.696184091660309 181.300000000000011
-1.581916979588663 181.400000000000006 -1.451843875969228
181.500000000000000 -1.307264428256891 181.599999999999994
-1.149623226501579 181.699999999999989 -0.980495369481980
181.800000000000011 -0.801570726839144 181.900000000000006
-0.614637054457835 182.000000000000000 -0.421562131800383
182.099999999999994 -0.224275099671896 182.199999999999989
-0.024747184882978 182.300000000000011 0.175027995597015
182.400000000000006 0.373054354201509 182.500000000000000
0.567353277014197 182.599999999999994 0.755983393425018
182.699999999999989 0.937059973663623 182.800000000000011
1.108773760396274 182.900000000000006 1.269409046226873
183.000000000000000 1.417360816478417 183.099999999999994
1.551150785968905 183.199999999999989 1.669442169548273
183.300000000000011 1.771053038813754 183.400000000000006
1.854968131547679 183.500000000000000 1.920348995882122
183.599999999999994 1.966542367832696 183.699999999999989
1.993086698496367 183.800000000000011 1.999716765695534
183.900000000000006 1.986366323990346 184.000000000000000
1.953168766581259 184.099999999999994 1.900455792488249
184.199999999999989 1.828754092323861 184.300000000000011
1.738780085774680 184.400000000000006 1.631432763372742
184.500000000000000 1.507784704079158 184.599999999999994
1.369071358429776 184.699999999999989 1.216678704321787
184.800000000000011 1.052129398780677 184.900000000000006
0.877067564074736 185.000000000000000 0.693242360188552
185.099999999999994 0.502490507794822 185.199999999999989
0.306717936348485 185.300000000000011 0.107880740669568
185.400000000000006 -0.092034363709431 185.500000000000000
-0.291029891148762 185.599999999999994 -0.487117544117427
185.699999999999989 -0.678338079604923 185.800000000000011
-0.862780885229816 185.900000000000006 -1.038603069446882
186.000000000000000 -1.204047875110567 186.099999999999994
-1.357462232411459 186.199999999999989 -1.497313275803453
186.300000000000011 -1.622203659889619 186.400000000000006
-1.730885521235368 186.500000000000000 -1.822272946607619
186.599999999999994 -1.895452823060718 186.699999999999989
-1.949693961459198 186.800000000000011 -1.984454402277925
186.900000000000006 -1.999386830682492 187.000000000000000
-1.994342046784298 187.099999999999994 -1.969370456396470
187.199999999999989 -1.924721567395653 187.300000000000011
-1.860841496721761 187.400000000000006 -1.778368512925061
187.500000000000000 -1.678126658797689 187.599999999999994
-1.561117517810535 187.699999999999989 -1.428510206622263
187.800000000000011 -1.281629693652072 187.900000000000006
-1.121943560433402 188.000000000000000 -0.951047338024117
188.099999999999994 -0.770648564987748 188.199999999999989
-0.582549726232569 188.300000000000011 -0.388630243178157
188.400000000000006 -0.190827695198042 188.500000000000000
0.008881540033242 188.599999999999994 0.208502033852361
188.699999999999989 0.406039244270836 188.800000000000011
0.599519444779341 188.900000000000006 0.787009445170336
189.000000000000000 0.966635907335925 189.099999999999994
1.136604063042764 189.199999999999989 1.295215646663031
189.300000000000011 1.440885863683253 189.400000000000006
1.572159225447051 189.500000000000000 1.687724091916931
189.599999999999994 1.786425777147790 189.699999999999989
1.867278086527242 189.800000000000011 1.929473170506202
189.900000000000006 1.972389596364478 190.000000000000000
1.995598557361201 190.099999999999994 1.998868157229951
190.199999999999989 1.982165727209628 190.300000000000011
1.945658152459892 190.400000000000006 1.889710204599863
190.500000000000000 1.814880897030618 190.599999999999994
1.721917899458108 190.699999999999989 1.611750067424597
190.800000000000011 1.485478161491081 190.900000000000006
1.344363848801778 191.000000000000000 1.189817096922854
191.099999999999994 1.023382085912720 191.199999999999989
0.846721779385289 191.300000000000011 0.661601308727196
191.400000000000006 0.469870336488669 191.500000000000000
0.273444575166431 191.599999999999994 0.074286646037889
191.699999999999989 -0.125613530701963 191.800000000000011
-0.324258618565410 191.900000000000006 -0.519663821497743
192.000000000000000 -0.709876715303693 192.099999999999994
-0.892996755624373 192.199999999999989 -1.067194267548336
192.300000000000011 -1.230728727118526 192.400000000000006
-1.381966152072130 192.500000000000000 -1.519395428051505
192.599999999999994 -1.641643407159145 192.699999999999989
-1.747488627997615 192.800000000000011 -1.835873520108098
192.900000000000006 -1.905914970864738 193.000000000000000
-1.956913149244226 193.099999999999994 -1.988358498305952
193.199999999999989 -1.999936826516542 193.300000000000011
-1.991532447047796 193.400000000000006 -1.963229333681253
193.500000000000000 -1.915310281769905 193.599999999999994
-1.848254082640519 193.699999999999989 -1.762730739668963
193.800000000000011 -1.659594773827918 193.900000000000006
-1.539876685595909 194.000000000000000 -1.404772658536984
194.099999999999994 -1.255632607430063 194.199999999999989
-1.093946690366659 194.300000000000011 -0.921330419583760
194.400000000000006 -0.739508519799775 194.500000000000000
-0.550297695334967 194.599999999999994 -0.355588478202607
194.699999999999989 -0.157326338537970 194.800000000000011
0.042507753896222 194.900000000000006 0.241917122904621
195.000000000000000 0.438909335988127 195.099999999999994
0.631516112070577 195.199999999999989 0.817812987912691
195.300000000000011 0.995938546712664 195.400000000000006
1.164113016767347 195.500000000000000 1.320656054363094
195.599999999999994 1.464003533214497 195.699999999999989
1.592723172697250 195.800000000000011 1.705528848722726
195.900000000000006 1.801293444264615 196.000000000000000
1.879060111139863 196.099999999999994 1.938051830519294
196.199999999999989 1.977679176642939 196.300000000000011
1.997546206167393 196.400000000000006 1.997454414300802
196.500000000000000 1.977404718197165 196.599999999999994
1.937597447792400 196.699999999999989 1.878430344173857
196.800000000000011 1.800494585482824 196.900000000000006
1.704568880058049 197.000000000000000 1.591611685839294
197.099999999999994 1.462751633772510 197.199999999999989
1.319276250902476 197.300000000000011 1.162619095828129
197.400000000000006 0.994345435059089 197.500000000000000
0.816136603389841 197.599999999999994 0.629773204558415
197.699999999999989 0.437117320042386 197.800000000000011
0.240093903756213 197.900000000000006 0.040671548548257
198.000000000000000 -0.159157183328567 198.099999999999994
-0.357395669239942 198.199999999999989 -0.552063175763574
198.300000000000011 -0.741214649522853 198.400000000000006
-0.922960151517033 198.500000000000000 -1.095483740767320
198.599999999999994 -1.257061618598641 198.699999999999989
-1.406079352266251 198.800000000000011 -1.541048005834093
198.900000000000006 -1.660619017130346 199.000000000000000
-1.763597672135100 199.099999999999994 -1.848955042167765
199.199999999999989 -1.915838264602371 199.300000000000011
-1.963579064389014 199.400000000000006 -1.991700431237211
199.500000000000000 -1.999921385745118 199.599999999999994
-1.988159786852778 199.699999999999989 -1.956533152568458
199.800000000000011 -1.905357485767531 199.900000000000006
-1.835144116796277 200.000000000000000 -1.746594594427989
